Error
0.36
0.12
-0.52
0.47
0.32
-0.57
-0.21
-0.65
-1.28
0.84
-0.36
0.46
0.15
-0.30
-1.58
-0.54
0.53
0.78
0.33
0.08
-0.37
-0.43
-0.16
0.32
-0.11
0.71
0.59
-0.02
-0.48
0.04
-0.64
-0.10
0.24
-1.02
-0.49
-0.68
0.48
0.58
0.47
-0.40
0.18
-0.37
-0.45
-0.04
0.36
-0.17
0.43
0.64
-0.70
-0.44
-0.69
0.97
-1.02
0.03
-0.60
0.76
0.60
0.21
-0.76
-1.02
0.08
-0.76
0.51
0.79
-0.11
0.31
-0.09
-0.76
-0.99
-1.31
0.23
0.20
-0.50
0.35
-0.07
0.61
-0.76
-0.08
-0.30
-0.49
0.23
1.54
-0.41
-0.08
0.40
0.13
0.06
-0.52
-0.35
1.42
-0.26
0.25
0.20
-0.88
-0.48
-0.30
-0.30
0.45
0.00
0.41
-0.07
-0.91
0.38
-0.89
-0.43
0.74
-0.71
0.19
0.28
-0.36
-0.02
-0.30
-0.08
0.66
-0.17
0.49
0.33
-0.39
0.06
0.25
0.70
0.82
0.40
-0.60
0.17
-0.14
-0.63
0.54
0.03
-1.28
-0.21
-0.07
0.29
-0.10
0.24
0.24
-0.15
0.26
-0.37
-0.96
-0.02
0.81
-0.37
0.41
-0.68
-0.42
0.17
-0.99
0.25
